
Base
   Class  Count  Accuracy  Precision    Recall        F1       AUC
0  macro   2533  0.849980   0.825659  0.747842  0.780238  0.972386
1    MEL    452  0.707965   0.814249  0.707965  0.757396  0.947327
2     NV   1288  0.931677   0.892193  0.931677  0.911508  0.966685
3    BCC    332  0.909639   0.865330  0.909639  0.886931  0.991094
4     AK     87  0.505747   0.721311  0.505747  0.594595  0.967256
5    BKL    262  0.797710   0.710884  0.797710  0.751799  0.961698
6     DF     24  0.583333   0.777778  0.583333  0.666667  0.966853
7   VASC     25  0.880000   1.000000  0.880000  0.936170  0.999840
8    SCC     63  0.666667   0.823529  0.666667  0.736842  0.978337

+ Meta
   Class  Count  Accuracy  Precision    Recall        F1       AUC
0  macro   2533  0.874852   0.860097  0.771051  0.808148  0.982201
1    MEL    452  0.750000   0.853904  0.750000  0.798587  0.957788
2     NV   1288  0.965062   0.896179  0.965062  0.929346  0.978015
3    BCC    332  0.915663   0.891496  0.915663  0.903418  0.994909
4     AK     87  0.574713   0.694444  0.574713  0.628931  0.977397
5    BKL    262  0.767176   0.827160  0.767176  0.796040  0.971822
6     DF     24  0.625000   1.000000  0.625000  0.769231  0.992859
7   VASC     25  0.920000   0.958333  0.920000  0.938776  0.999840
8    SCC     63  0.650794   0.759259  0.650794  0.700855  0.984975

+ Meta , 20 step
   Class  Count  Accuracy  Precision    Recall        F1       AUC
0  macro   2533  0.876036   0.860064  0.773299  0.810278  0.982151
1    MEL    452  0.776549   0.829787  0.776549  0.802286  0.955586
2     NV   1288  0.959627   0.906823  0.959627  0.932478  0.979465
3    BCC    332  0.927711   0.880000  0.927711  0.903226  0.994083
4     AK     87  0.563218   0.765625  0.563218  0.649007  0.975714
5    BKL    262  0.751908   0.807377  0.751908  0.778656  0.974482
6     DF     24  0.708333   0.944444  0.708333  0.809524  0.990883
7   VASC     25  0.880000   0.916667  0.880000  0.897959  0.998884
8    SCC     63  0.619048   0.829787  0.619048  0.709091  0.988111

+ Meta , 20 step, undersampling
   Class  Count  Accuracy  Precision    Recall        F1       AUC
0  macro   2533  0.845243   0.819623  0.770749  0.789398  0.979631
1    MEL    452  0.836283   0.729730  0.836283  0.779381  0.954187
2     NV   1288  0.859472   0.933390  0.859472  0.894907  0.967918
3    BCC    332  0.930723   0.851240  0.930723  0.889209  0.991164
4     AK     87  0.609195   0.768116  0.609195  0.679487  0.981532
5    BKL    262  0.832061   0.712418  0.832061  0.767606  0.966703
6     DF     24  0.583333   0.777778  0.583333  0.666667  0.990517
7   VASC     25  0.880000   1.000000  0.880000  0.936170  0.999697
8    SCC     63  0.634921   0.784314  0.634921  0.701754  0.985329

New
   Class  Count  Accuracy  Precision    Recall        F1       AUC
0  macro   2533  0.838926   0.776433  0.716778  0.740928  0.969305
1    MEL    452  0.723451   0.825758  0.723451  0.771226  0.941031
2     NV   1288  0.936335   0.879650  0.936335  0.907108  0.960036
3    BCC    332  0.888554   0.819444  0.888554  0.852601  0.987279
4     AK     87  0.471264   0.650794  0.471264  0.546667  0.959986
5    BKL    262  0.717557   0.755020  0.717557  0.735812  0.956340
6     DF     24  0.625000   0.833333  0.625000  0.714286  0.988209
7   VASC     25  0.880000   0.814815  0.880000  0.846154  0.999362
8    SCC     63  0.492063   0.632653  0.492063  0.553571  0.962200
Train: Accuracy: 0.8459, Precision: 0.8176, Recall: 0.7608, F1: 0.7858, Loss: 0.0276